100 99
11 82 92
40 48 850
22 88 923
36 62 144
72 42 335
48 47 147
24 77 456
19 60 491
99 29 506
18 71 293
34 87 331
24 73 731
58 47 288
27 67 366
71 56 272
40 43 543
28 15 210
26 56 633
69 43 82
94 2 634
6 36 471
3 62 674
62 92 139
47 82 710
39 25 61
61 54 16
50 41 938
74 45 810
77 71 777
65 51 732
47 34 209
69 93 765
55 8 93
86 53 256
96 94 738
69 68 661
19 22 78
65 56 432
78 25 886
1 79 165
62 39 754
26 36 67
99 72 946
17 59 875
7 60 894
55 14 771
7 66 933
57 40 718
92 21 183
7 56 736
11 41 499
52 63 440
54 29 585
67 31 352
18 32 840
27 20 323
93 13 812
72 9 132
88 29 372
88 25 426
72 36 654
60 74 137
26 76 336
77 83 23
79 29 620
45 99 962
28 93 621
79 28 290
25 52 948
73 89 965
45 14 543
17 83 753
12 98 865
26 27 614
2 8 307
1 75 110
81 85 848
88 92 373
4 13 347
42 2 376
39 92 982
2 32 465
81 46 814
77 4 303
36 3 256
4 91 292
38 87 112
30 39 875
4 66 273
6 96 35
18 13 521
20 17 841
6 67 772
27 77 829
96 45 955
89 78 427
36 13 349
70 45 578
50 68 422
