2000 1999
1720 184 -900
184 156 -600
156 1720 -500
1413 1844 289
1006 287 584
1794 672 335
1999 1874 958
770 752 147
394 1952 975
1233 911 159
970 981 800
479 1011 147
1614 1151 293
1923 1775 278
1402 661 194
1180 1460 466
759 574 222
1912 1075 366
1146 1884 456
542 645 350
1085 455 127
418 421 453
1265 1110 345
163 1506 22
1266 108 296
940 54 498
1346 1002 737
277 757 663
1418 1921 317
409 120 489
864 30 404
669 1874 963
1186 723 810
1239 1141 777
1050 827 732
759 555 209
1846 1113 751
1528 882 71
184 1891 695
863 511 849
1548 1515 738
1697 1116 545
1321 317 181
155 1051 456
863 1252 201
1770 1620 9
1270 329 497
624 1507 212
576 132 795
1160 1890 144
947 1749 61
965 1787 446
1922 233 771
120 1069 933
922 650 718
1474 1693 175
365 122 453
1470 189 333
996 845 505
472 1169 965
1083 502 352
289 1976 264
1679 442 168
644 1500 112
1623 1167 74
262 1410 238
742 1928 709
1973 410 426
1167 582 654
1917 966 596
273 419 610
670 1246 665
45 1273 235
1239 733 795
1923 451 750
1241 1279 231
579 1963 202
834 1894 588
1431 1929 367
227 1085 144
1785 1336 753
193 1860 785
1728 429 223
1227 1626 18
1881 140 307
24 1209 110
1301 1362 848
1415 1485 373
1815 1793 38
214 692 339
32 750 313
1485 1962 17
523 929 653
742 1626 617
73 605 847
584 54 256
79 1464 292
616 1407 112
484 1767 319
1749 67 532
545 109 773
69 296 108
1040 325 139
1681 1615 52
1646 1084 772
1637 434 622
1656 1551 365
1908 1425 832
1713 1254 427
344 341 349
582 215 562
730 1155 889
803 1103 422
1770 1872 400
1770 477 819
1813 1116 788
730 1975 952
1669 1040 930
92 243 660
1046 986 16
1583 9 779
1295 1375 563
1144 798 282
822 1559 345
925 1106 844
1198 817 202
1968 111 907
1223 880 928
1902 425 439
1327 47 601
674 1568 810
296 837 653
196 977 502
1967 1286 967
1600 1631 591
274 1111 533
1355 932 647
1308 36 89
740 928 684
389 723 890
1422 57 934
290 1753 352
197 631 552
474 867 312
160 355 25
907 772 562
1462 465 518
740 1148 979
82 1339 598
1197 1515 139
232 1469 960
1096 840 416
1971 221 992
1633 1202 91
1658 559 834
122 170 897
822 642 943
1637 1494 434
891 610 421
1069 1375 445
1318 1145 59
240 55 422
887 1561 155
1083 1967 438
1245 31 36
406 442 79
1954 1125 152
84 352 1000
631 1991 549
1922 1470 636
300 1267 852
46 1955 804
1407 1264 471
252 974 63
46 205 186
327 1175 989
1925 1412 800
340 1333 790
324 453 135
320 855 440
1164 1945 60
789 494 575
1661 1535 683
1464 1478 229
130 1757 39
425 436 97
481 1943 718
1995 513 305
148 1609 527
755 1133 832
1018 392 552
1886 264 950
1203 140 419
1616 1032 7
371 1079 169
217 1950 32
687 795 887
1813 371 714
1259 380 266
1445 28 790
516 1325 88
960 1263 444
118 1901 311
1749 403 898
84 985 139
335 1077 593
1680 265 475
198 121 39
1233 513 349
1614 1976 532
1279 474 966
646 32 659
346 1429 224
1321 1903 383
461 1135 714
1807 894 84
26 348 546
1836 2 530
1042 842 133
313 855 187
1017 602 203
1892 188 560
1926 12 84
1235 1723 754
454 452 960
891 489 926
342 828 605
755 1040 11
402 1185 551
1869 1181 11
921 400 133
1512 1989 304
36 1858 737
408 1954 873
1949 138 164
141 1184 198
850 719 603
522 1566 199
1246 117 151
1886 525 508
1125 617 279
213 288 954
1567 1584 645
1454 1405 853
1800 94 68
854 12 303
1034 165 985
766 978 970
447 285 894
949 429 96
1896 708 525
306 1885 499
215 733 535
22 166 220
200 142 251
361 1255 935
787 451 455
570 1546 892
582 704 680
1012 1736 614
1991 1384 750
1807 1296 968
1557 602 935
1334 471 165
927 22 548
1117 1781 551
161 1341 476
1415 1820 294
1502 478 503
1736 1399 689
1824 1693 655
1123 160 46
31 450 80
1981 811 798
132 1844 13
1183 197 607
1436 1051 774
1414 515 614
517 467 551
625 1792 490
1520 1003 131
1852 184 801
1192 463 258
298 414 784
220 1224 166
499 216 619
1755 1038 798
603 1302 182
1048 666 414
1820 1399 935
1529 132 865
406 1713 141
1621 710 658
472 1310 476
1021 978 256
1385 605 550
905 1390 675
223 296 482
1993 1697 825
1970 428 406
161 499 744
1553 1675 772
1161 936 749
1947 107 335
1614 769 287
305 1543 179
68 606 465
649 1704 479
975 1926 648
414 480 771
458 1057 318
580 96 654
91 1483 146
856 646 269
1313 1675 142
1169 1412 276
1146 167 577
1332 122 302
548 1541 981
1235 409 779
1718 926 154
878 952 16
1667 1319 874
1218 587 742
901 975 970
1540 1253 275
417 1149 418
32 346 434
612 1551 706
1192 453 621
1498 1426 807
952 1630 771
343 741 89
466 317 550
1612 1931 236
454 1425 956
143 1507 908
1314 413 776
296 126 705
1615 485 93
1249 529 358
1523 85 441
925 1847 237
1447 1329 505
543 1203 150
104 1919 337
912 5 730
1126 748 129
1500 1524 52
1162 634 677
1359 865 908
27 1659 134
1536 1180 912
192 1133 457
1530 1610 922
1058 1538 92
1927 1699 575
1323 752 316
1581 127 309
90 1280 946
330 1401 468
871 1581 131
173 1130 827
439 1361 421
1917 585 155
942 445 931
567 807 385
264 249 844
1786 739 534
327 193 275
88 1541 912
355 1971 979
1112 942 189
1371 75 762
577 1017 7
1191 957 930
501 1660 711
599 1954 339
513 1638 695
1860 620 101
62 926 139
1140 1836 323
784 1814 17
739 505 456
1774 677 359
899 1650 358
1497 550 556
859 341 379
1151 154 733
1132 1005 737
543 1674 211
1706 472 839
309 1019 131
1592 1589 616
1588 1871 453
708 1569 430
1224 1474 497
943 848 629
639 564 25
428 133 363
1052 452 637
299 1431 100
478 354 256
1108 1010 452
272 1219 477
392 1172 617
1701 1458 644
995 1311 849
1446 890 133
1227 937 187
1273 810 404
1774 174 346
466 966 732
507 519 450
388 104 599
450 1666 804
538 31 862
694 1387 341
180 422 793
1559 516 536
1026 1374 677
1605 30 4
829 1676 80
349 1086 273
383 1421 522
950 1851 43
203 329 847
514 54 385
896 350 842
407 1761 251
1340 27 97
1652 867 832
1397 796 34
962 1704 195
1574 607 301
939 1012 166
1711 960 288
1801 822 366
671 1668 452
1396 1236 118
823 1875 805
55 612 102
363 77 9
698 158 1
1911 14 291
1928 739 429
1105 288 379
1165 1232 304
931 1647 827
1405 1883 267
1818 1033 3
104 728 872
1746 777 789
4 1881 863
1905 1117 321
1585 1347 431
261 1523 372
1263 1664 454
1223 528 779
320 981 755
532 860 16
111 1773 197
1341 1633 133
239 844 130
1438 149 988
415 1082 835
330 1725 563
943 217 194
445 770 885
100 207 291
1463 373 486
1460 437 792
1061 1094 543
1437 181 71
1438 88 169
1497 1962 228
217 684 75
1254 1377 996
233 1786 971
654 1149 964
1095 248 764
910 1814 363
1485 58 39
446 786 329
1866 53 396
598 925 200
623 1140 949
461 229 415
1583 428 885
1045 651 135
1704 1893 147
1072 828 107
1777 122 748
1351 1178 824
1562 590 952
1170 1543 479
1182 1184 314
660 1803 303
419 1409 634
769 1912 340
600 158 558
1984 892 142
932 310 86
1848 1488 971
1455 1108 604
864 1370 967
5 15 685
529 1264 770
885 669 857
690 1528 64
1667 393 48
1006 1833 561
1469 1954 773
1251 215 794
1397 348 581
1178 295 171
1352 234 413
885 873 82
880 1568 383
1655 1901 27
879 1028 103
1679 187 552
1618 1178 617
1434 312 997
469 1502 765
884 1976 903
496 908 341
137 174 743
25 163 698
1970 944 643
1925 1951 512
605 1197 939
561 1401 489
1677 1015 245
1652 609 188
1 1245 200
1772 1743 115
1514 103 629
1863 762 170
1050 966 84
733 282 308
339 530 549
1436 1619 133
590 261 231
1733 1598 153
973 1941 795
1768 879 259
537 491 267
808 600 682
1152 1742 654
921 52 210
1991 311 410
1086 232 549
1778 386 977
301 237 36
507 1090 689
815 326 736
1537 554 253
182 625 50
1814 483 542
1103 1214 647
386 1530 733
244 1110 472
1007 1184 734
1507 959 875
28 881 620
1293 1189 583
192 1939 630
1185 95 451
886 303 661
1920 261 317
1557 1856 584
610 1414 971
1737 856 717
1998 853 572
129 673 416
706 1244 912
449 277 421
1012 592 647
1562 455 759
89 1267 590
1934 1792 594
494 771 863
9 84 573
292 1657 346
1061 1354 765
1506 705 65
147 1955 378
1668 1671 318
64 744 916
1522 830 701
1165 930 566
1148 1397 162
586 386 126
929 222 26
1490 1832 453
997 1757 486
1706 734 38
517 765 551
849 1521 868
1237 1539 254
467 553 595
1211 1985 616
871 550 718
657 354 159
1421 311 244
1915 1326 160
1013 1082 741
600 1939 417
100 1642 357
1478 924 167
1939 1275 514
1917 1647 219
197 880 524
1160 1929 455
41 1231 239
1610 1375 268
89 698 942
144 440 144
298 777 360
789 1910 886
1409 389 918
855 1466 74
1592 1481 469
516 903 559
1158 739 913
85 89 100
1598 1195 207
178 1733 429
866 1497 842
1660 899 536
225 1311 678
1242 1367 466
1731 1313 570
1477 67 521
1387 1108 787
1645 1676 266
538 674 727
438 453 550
1675 310 295
810 604 436
424 648 293
1015 1729 112
1287 371 596
1454 1722 421
1259 759 691
1958 652 312
448 1084 529
306 510 864
1427 598 115
497 645 719
1473 821 516
1727 691 689
993 786 71
363 1175 624
1605 206 570
1876 332 873
1065 1521 180
353 503 783
730 1706 827
984 1710 1
330 1103 199
122 110 216
1642 930 2
1786 557 934
1674 1449 353
1238 345 421
1510 705 801
858 1714 644
699 277 766
881 1829 172
1852 743 434
574 1157 939
423 670 86
1038 1288 300
1238 709 925
1491 706 481
678 397 102
254 1791 392
685 362 197
987 1789 387
640 993 516
145 606 224
1642 1220 262
459 717 582
226 1424 169
1214 1338 140
223 494 509
1316 1708 35
808 68 844
1881 1186 952
1042 711 980
443 664 170
1526 1609 747
746 890 27
903 53 616
175 179 220
475 488 392
108 1374 979
65 989 218
726 1556 313
369 113 83
1570 1315 469
1102 1757 802
1285 364 302
871 76 764
1083 332 946
878 1526 991
991 893 633
131 754 842
1386 1229 285
1135 7 94
1206 1824 177
1360 649 973
1252 1132 897
1179 24 672
938 500 882
1901 1024 620
112 69 980
135 1732 430
207 686 489
97 420 229
231 394 32
1553 487 346
321 1527 889
1852 1745 399
992 335 328
752 52 128
1121 1589 293
1130 413 624
1222 1187 32
1121 1252 465
1072 165 894
1651 848 445
1464 1522 661
737 1209 489
203 1602 548
1766 1661 789
375 1957 94
1540 1847 801
1690 1975 812
1238 287 654
1915 976 708
132 1293 854
295 1829 56
647 1175 348
1667 609 290
592 1873 936
1940 419 735
1775 1118 89
215 559 976
610 1522 452
586 617 473
1320 1718 56
1605 129 460
768 1903 868
362 1952 602
1992 348 423
1379 1227 856
1570 64 676
1832 232 828
1801 265 408
1785 1717 203
803 1186 866
1335 413 343
56 361 246
598 1756 18
1708 70 775
431 513 660
65 547 672
832 714 762
1742 1857 606
569 1085 418
608 1874 857
1276 2 130
1085 50 804
840 1527 631
1389 1229 418
1582 1450 165
1847 1939 218
1021 1654 554
325 888 986
1446 1405 798
1208 1113 870
1890 1158 386
1881 317 90
246 1332 554
297 1334 485
1563 380 76
630 154 835
186 796 516
1708 1715 77
1157 995 307
1872 705 878
1773 1285 703
663 902 896
1127 1931 680
311 561 470
94 280 398
1628 1097 523
1958 1793 65
383 814 878
1021 1108 125
163 298 167
234 1160 675
908 739 926
779 642 325
805 1277 871
886 1191 734
802 1923 75
1994 758 74
1605 736 815
571 1662 818
173 1434 340
276 1072 796
227 1601 254
1489 1787 936
16 1724 894
1368 285 921
298 1957 424
1467 1313 564
1551 178 127
976 822 372
1082 1798 377
1257 649 632
1306 953 930
998 1099 420
1755 1520 491
84 441 328
1886 1424 113
1108 794 413
1604 1336 698
177 1225 619
881 1375 66
1998 24 285
1204 1224 425
1908 498 541
1562 1598 149
399 837 669
1204 394 371
1131 1129 439
1302 489 874
1634 52 440
1818 1172 350
1474 771 463
878 1467 71
47 5 282
392 114 410
742 702 848
580 2 88
931 345 512
342 798 381
8 108 595
1671 696 329
1828 1048 754
1260 859 201
519 571 70
391 1944 577
1016 1661 21
1290 158 698
1975 1298 662
1612 1875 617
74 451 146
265 501 73
359 1631 924
1273 1857 986
692 538 987
5 1666 742
1952 1271 68
1348 1408 168
58 96 601
1568 1156 446
322 1073 21
131 542 346
1744 1328 872
785 1666 285
869 1408 999
1357 1619 167
919 339 899
1945 990 122
110 340 413
479 571 38
481 667 427
1491 1317 319
55 1232 87
1683 1712 515
397 426 778
463 1977 5
1825 134 92
1590 685 952
1418 286 252
1020 177 425
1159 267 920
73 293 72
478 1929 172
1902 999 555
1830 380 721
702 420 449
1012 1884 143
146 1104 73
1358 1921 79
383 1734 630
351 483 336
1562 1674 385
1061 1641 190
1083 1608 81
1986 456 247
1128 1360 309
1677 1027 735
796 749 207
1468 1113 814
805 686 688
1281 1381 323
1121 1949 82
390 187 11
1221 1984 461
1808 342 6
842 1467 562
1934 471 8
1519 1551 64
903 889 782
1242 925 915
1577 105 291
605 99 667
817 312 242
886 246 430
51 255 925
221 1498 646
650 783 565
115 735 68
142 677 844
760 799 299
1221 1696 659
1955 1616 960
905 952 227
644 437 903
1584 467 48
389 243 453
1054 1319 593
354 1376 897
905 500 268
234 941 930
1595 718 998
588 1918 560
742 967 943
865 887 85
464 110 252
423 532 593
1527 544 920
593 253 881
1723 351 624
1085 812 900
583 371 971
902 517 202
1338 1992 730
891 406 724
1221 1684 707
247 524 69
725 539 643
1491 1844 88
1932 465 854
1618 374 131
1519 1900 249
1750 162 397
221 1917 127
19 1810 76
1073 1579 214
85 1865 534
1985 1362 341
156 1106 901
1933 886 454
1831 651 600
421 127 91
1400 259 925
88 511 749
131 1375 846
1286 703 871
1798 632 522
468 867 541
579 1390 905
848 10 923
896 708 299
1247 478 308
1712 1284 976
359 822 407
1891 553 450
1537 1581 994
1683 1760 407
298 1322 369
1871 1892 954
1222 818 628
661 1215 421
1908 1592 215
1336 1680 636
1191 1826 299
1657 261 69
71 586 363
1380 913 503
1546 1147 995
1555 785 64
1567 239 557
1580 869 934
14 1688 933
1012 1993 558
1198 1274 685
146 942 928
1263 364 343
640 1079 77
227 1962 838
310 1527 129
348 1875 705
1596 1272 546
1983 334 408
182 1023 306
1950 692 436
1752 699 980
1469 1886 196
360 161 519
1907 1010 235
1974 298 392
130 431 655
1698 341 931
154 1433 979
314 671 220
1678 1116 549
1611 1090 935
245 1772 271
951 190 226
45 1972 117
885 1459 32
1376 682 459
1514 1597 297
130 88 265
1248 1423 33
457 1930 343
1545 387 800
1533 335 35
273 1032 319
1606 1444 479
1770 186 21
521 1663 229
425 234 163
516 600 611
1545 957 687
771 758 279
1047 714 394
1493 870 356
265 1760 240
1349 920 578
664 1940 501
1739 1690 937
118 1156 794
1937 1022 873
1913 1906 146
743 655 826
376 1783 469
1955 1923 934
1624 213 816
537 1316 807
1026 1045 40
1064 778 146
1983 942 307
1643 993 677
1997 1892 375
1874 1023 914
337 1331 754
1354 496 55
1492 802 671
255 1842 171
682 769 322
594 1309 482
670 1519 396
943 605 495
1882 719 312
1137 80 407
1934 836 559
1855 1340 845
1409 269 641
1385 356 410
711 945 915
706 1927 924
936 1659 476
316 1822 693
1669 780 147
1432 246 375
248 1412 683
1447 1622 973
709 582 391
987 1111 995
692 1449 529
721 351 275
112 255 912
502 662 95
1314 1854 173
1269 502 588
1943 1734 661
63 1769 522
136 1742 968
1494 976 668
1653 1841 524
328 440 701
1449 899 51
1949 1126 554
1185 1043 747
804 1225 172
1405 1278 130
761 452 702
854 1714 535
52 111 925
554 1513 874
1182 1468 942
816 1148 850
1202 1935 928
850 473 986
1230 645 388
950 1000 765
1868 1858 756
1797 1418 310
982 1212 263
1424 1810 467
751 1069 518
799 411 246
1363 872 118
1478 1341 402
298 1640 564
1212 1930 140
1932 544 165
289 1733 587
1746 1913 549
60 805 604
281 1578 669
1775 618 217
1429 1052 54
1994 136 265
1271 829 426
1204 678 668
1584 1079 148
770 1032 182
1436 1680 277
977 1538 473
1123 514 239
78 1610 245
590 116 26
642 1177 451
484 812 11
1629 1514 39
316 1191 124
481 1342 457
686 276 561
1818 94 258
276 579 146
1510 971 453
1967 674 133
947 588 960
1238 1755 264
1329 1686 308
1139 1266 96
543 712 725
186 616 37
1421 1008 622
76 1436 343
1070 646 71
911 124 845
1373 981 239
1812 594 40
1131 1943 15
1273 1942 30
1557 483 168
843 900 702
1681 1131 151
993 1395 93
1001 1190 845
390 63 173
1374 275 347
1869 1492 819
662 1308 22
387 1504 985
1631 1866 925
786 65 243
1138 1324 733
805 1190 654
863 181 292
834 1622 266
394 509 419
1746 1615 146
973 904 751
1861 332 650
832 970 872
1208 1849 30
418 1468 757
546 1508 95
43 1645 402
1551 1665 244
1675 1743 876
1596 91 937
601 1173 478
557 1735 882
157 1741 406
715 1439 838
350 960 940
1723 956 835
1727 1741 170
1412 1978 293
1821 1383 316
1795 1924 984
326 1197 127
1623 1451 158
1102 1793 932
738 1214 928
891 593 550
470 513 163
332 1748 977
1286 1230 5
971 263 277
1755 225 102
1782 114 102
648 1019 593
49 922 269
476 657 220
1993 1738 983
743 729 661
1143 129 517
470 1708 268
259 1081 426
704 986 226
1480 437 397
481 1964 840
1986 28 547
1141 1402 682
441 541 132
1923 1422 44
1418 1373 18
1845 845 384
211 1288 528
370 1526 731
1867 1824 819
1110 932 120
1930 1841 587
1196 306 306
159 1002 423
1193 1979 989
889 536 675
1402 1006 477
763 397 114
1402 478 315
514 1598 635
1132 1292 367
975 354 724
623 952 584
1248 1630 36
1218 386 567
497 287 116
231 1404 838
62 1935 53
986 1677 429
683 1038 76
1642 403 528
98 1986 760
555 743 972
530 1126 778
793 369 875
744 552 977
1183 1993 163
1596 1133 800
355 1189 853
666 766 792
1092 1136 534
140 1030 826
764 1158 264
620 854 647
357 1775 522
742 1621 892
1902 893 204
766 1497 995
835 153 57
1917 1433 480
449 535 98
86 1105 625
1045 1607 649
583 90 665
1540 420 488
196 1465 114
1937 674 853
1463 577 276
1345 1915 137
958 396 520
901 505 138
1768 1038 810
1557 1214 143
1689 1218 912
1417 24 726
401 1155 929
1146 1236 47
1482 575 689
28 1773 843
1721 1330 461
283 1332 311
421 650 621
1459 114 259
1046 784 530
1550 1966 410
1956 159 875
266 449 923
268 986 731
987 108 685
794 0 529
164 233 23
639 1956 253
1202 1434 140
1413 748 435
203 1584 824
1024 1510 920
650 55 444
296 753 611
362 1808 666
1631 1290 646
1096 1877 831
109 299 191
1002 601 985
539 1814 809
1894 261 737
386 628 295
864 599 738
383 995 221
933 1809 771
1612 540 863
1758 1999 751
1939 1812 342
1527 351 584
1208 859 460
1631 609 185
1303 1368 17
174 1799 822
385 400 893
1954 1275 319
1304 1500 476
101 1021 454
386 698 633
999 1671 617
1988 1000 366
690 1787 776
73 124 894
1123 404 79
1879 652 258
1759 1577 588
1021 1581 975
1123 455 811
1446 1180 339
1810 1611 88
1112 1221 481
938 1024 760
794 974 24
1795 509 535
1216 776 815
561 937 473
1080 269 44
734 887 483
446 1748 444
1046 252 823
519 723 959
77 611 742
1699 1381 218
168 52 714
1321 404 705
181 1954 871
1479 554 119
1326 82 723
701 768 317
167 1641 306
1859 1909 21
851 56 373
325 270 355
1031 474 867
1054 1892 591
501 1954 167
1472 1800 351
1945 108 914
1704 546 516
949 1984 337
1717 1540 827
30 392 653
227 814 29
1269 1504 122
968 129 111
869 1144 263
1917 1131 677
505 1238 355
318 1139 426
1129 1552 804
180 1004 585
855 581 417
334 170 382
179 1527 790
358 377 372
437 467 931
1842 1630 858
95 1268 578
1954 1743 602
1389 1865 602
44 1755 954
702 202 434
842 1093 257
347 664 49
1092 587 285
1158 857 253
1159 494 278
202 1254 14
1939 761 893
400 383 263
1866 242 89
946 1142 487
1426 1077 171
713 1675 730
1887 983 968
1807 108 100
537 267 886
1989 1846 405
1406 489 361
675 218 118
1800 818 27
1732 1844 925
1096 885 248
1188 1802 125
1871 918 248
1274 871 865
1339 1354 664
612 140 571
1928 686 678
1580 1762 733
1431 1472 521
1261 974 351
156 457 381
1596 1056 487
846 894 779
1916 189 371
68 452 266
1432 954 242
1981 1327 16
1836 1172 827
529 70 21
1572 1074 906
988 546 97
1816 457 63
1010 1540 890
129 928 225
13 1238 948
1810 692 456
1799 1075 295
552 95 294
1383 236 919
1558 1508 983
1324 794 295
1623 1957 60
1680 1334 851
1468 398 914
374 436 569
198 68 615
15 191 419
1597 1247 696
703 1170 29
1221 1859 920
63 1698 233
1743 1528 524
1511 491 706
391 288 622
816 644 131
887 1080 110
1212 1361 125
1266 1536 494
1725 1420 294
1756 1173 837
1474 299 855
1727 1080 634
371 538 610
1754 646 737
1109 1339 632
198 843 51
572 441 388
1004 1122 462
436 679 903
1616 53 634
1980 778 739
254 1956 309
160 268 396
526 622 812
963 324 758
227 1322 280
1699 165 55
153 1351 52
1001 343 879
579 1703 100
1514 911 985
904 404 156
4 1285 93
1515 802 790
595 963 675
760 704 780
606 1449 374
854 687 948
1392 1275 662
1120 1298 388
873 1755 476
613 1214 852
199 655 435
312 1844 96
1938 1530 570
857 822 672
1397 517 367
1869 1340 613
1406 316 755
1192 1019 651
194 1294 614
1651 596 182
144 948 86
823 1824 922
1262 53 477
908 1686 355
884 401 388
585 1034 59
1405 868 16
1248 653 792
1994 284 370
1724 1593 600
1615 496 637
136 614 441
287 1005 873
1031 1073 614
1509 640 563
1649 354 313
631 1621 507
1420 1043 269
290 824 594
708 1493 708
1626 1362 16
1932 1473 840
833 1755 744
653 809 902
1828 1158 447
1456 633 76
929 236 820
1304 1513 196
1240 603 100
1088 1910 762
1302 1258 369
1690 1917 832
990 1725 36
820 371 736
1258 1038 432
849 1672 97
1177 1138 776
1755 1132 999
1985 73 491
1806 687 612
1607 1186 893
1126 1735 928
654 1550 158
274 1836 801
1686 574 534
1148 164 787
1573 591 839
891 1263 815
634 234 119
1190 938 454
1453 929 202
600 146 727
1413 937 155
1055 1978 668
509 432 447
900 218 635
262 1954 835
1628 743 320
69 1579 507
1792 957 531
609 1753 312
813 133 230
360 1417 673
1916 1795 314
1609 1234 179
1952 92 616
155 313 157
221 1443 854
1632 1963 721
1391 667 369
1375 1170 384
657 1547 168
53 1578 139
1491 603 584
1048 1304 825
1650 92 586
1484 442 50
1177 95 772
1837 558 979
1259 702 529
1189 276 940
943 1717 139
1174 1061 546
155 1040 332
941 1588 529
1554 1677 55
956 49 180
1103 867 232
331 199 904
8 1951 824
1759 996 747
457 1420 482
1973 1930 333
278 1476 377
901 923 612
1848 909 738
1736 1397 878
293 936 376
160 1486 85
1613 1296 93
463 1384 1000
382 1785 898
1644 1202 969
234 67 710
1067 556 264
1625 722 46
553 1948 398
1699 375 708
1316 717 460
531 1132 699
789 1868 159
198 1893 429
959 640 758
607 1977 484
443 973 785
420 737 735
1808 550 95
402 1199 262
948 1966 651
1387 1747 701
1315 498 457
907 742 543
1407 999 354
1112 793 565
943 1007 512
145 1413 698
483 697 206
667 1651 454
1628 1157 967
1901 1343 299
1425 1744 117
1898 757 375
1073 184 932
226 730 335
923 812 732
1716 1129 234
588 611 785
1159 1885 940
1314 555 462
1053 36 661
1374 1901 329
1913 1478 911
1330 307 20
646 1976 854
1231 1471 936
14 800 791
1878 851 645
917 1935 448
361 20 727
1213 288 334
1761 793 6
1641 1201 914
1957 733 951
63 1645 932
321 1942 536
984 23 404
958 748 583
1492 450 744
1002 641 553
1793 1192 37
944 571 35
636 1952 613
658 1715 18
1223 1450 240
144 1258 812
486 1370 627
1526 1570 712
1969 766 178
653 226 793
497 1615 737
1008 1759 831
435 366 900
150 1119 982
886 1464 711
1821 1057 584
1920 563 194
943 1049 411
1885 890 305
1445 191 312
1997 886 940
1976 1203 636
1775 1567 330
1438 1602 123
1027 1219 372
1166 1921 972
898 794 163
495 25 108
1090 1120 902
45 1423 297
1961 1118 174
707 1660 623
1244 881 212
1280 1686 929
417 911 490
1630 273 894
1492 1370 866
451 60 682
1406 1171 761
485 1926 929
236 1748 707
244 1640 499
270 103 7
645 1582 784
727 1163 978
869 94 948
1239 533 16
1037 547 642
700 525 908
871 806 49
1079 1827 728
126 1724 210
934 1717 314
274 1846 924
816 992 132
1876 1231 762
374 1114 550
257 975 829
761 1988 527
243 927 681
1394 812 327
1757 1185 772
1683 684 27
432 1736 821
1289 395 525
673 215 74
1410 1870 214
1891 314 470
1433 181 747
471 1131 643
453 627 477
979 1343 231
670 1984 252
1655 469 770
312 744 97
590 1834 414
1997 1513 610
210 200 80
502 1482 957
634 522 617
727 1744 240
508 615 543
1481 225 935
698 228 232
1243 556 196
621 1243 6
1890 1881 848
1198 27 231
393 1695 838
146 1295 811
630 606 84
1183 881 760
1320 650 704
589 713 529
1907 903 437
1379 1644 764
1429 961 572
99 259 778
251 1324 705
1892 1344 142
1360 1730 76
495 756 528
1214 810 222
1481 974 161
978 310 870
1901 373 379
1045 889 768
1453 13 67
322 1403 716
1525 1442 287
9 1755 65
1306 576 245
1562 552 682
1406 1853 931
694 695 553
257 541 504
1081 155 595
1414 1841 40
1517 1991 136
1945 894 717
286 1552 881
1813 985 287
84 1890 167
1436 1594 318
130 882 986
1385 1546 10
674 158 95
633 287 75
1624 1139 677
1531 473 473
711 810 474
840 952 819
951 1809 756
850 1987 15
1249 1532 203
41 184 331
1958 1580 347
602 1013 697
1963 828 76
1103 814 861
655 740 723
880 1923 72
213 1098 543
1023 456 566
768 22 759
1686 1343 230
1307 1970 519
1011 1784 370
1316 1216 494
1088 1031 481
1988 1545 794
658 1278 788
1472 665 588
1712 1824 99
1341 1232 628
1862 1382 852
538 419 306
320 875 948
723 65 956
407 172 951
1975 1484 696
498 1066 590
732 1041 437
1493 836 40
31 721 123
327 1875 206
29 136 297
1817 1611 215
148 488 122
451 1049 975
1251 1757 584
400 1396 123
745 1071 284
698 574 57
1426 534 410
744 886 781
178 649 63
703 69 392
982 786 773
506 1950 829
738 1968 465
776 659 53
1683 998 733
595 660 213
1142 672 63
347 1272 809
1905 331 698
1712 1391 451
367 1835 461
1712 226 78
1225 239 659
686 467 91
1011 698 45
1962 552 740
251 576 676
109 161 817
301 746 826
759 1602 466
74 877 760
1819 944 199
1473 540 283
1769 851 557
988 289 814
1760 254 291
964 1935 611
100 516 590
259 511 141
1796 495 491
690 1847 237
1040 1872 608
237 455 427
1086 1754 127
453 1811 632
1379 21 672
1816 780 391
1752 1954 188
41 1029 477
1799 130 537
1272 414 253
1902 1520 295
1037 1540 309
1575 1872 808
643 1024 846
708 523 940
905 1970 243
364 1741 479
464 1698 512
1883 367 454
322 895 299
776 232 893
390 342 774
64 213 695
294 733 963
229 55 600
793 20 652
1034 26 500
1382 1405 291
980 115 958
1269 1601 222
1253 838 946
178 1526 169
1688 1920 368
605 1298 603
539 1382 641
107 1987 514
957 1464 247
433 1413 476
483 184 752
0 647 511
1090 1464 10
1891 124 655
1462 1999 552
1491 1267 28
1946 88 971
961 1780 984
247 901 175
1534 1773 638
1599 513 390
1971 1768 301
940 1919 152
206 840 75
472 1533 755
1601 1158 797
1856 443 183
20 1572 949
1115 599 210
615 667 883
223 146 389
1600 50 888
1333 571 87
1759 801 676
928 1560 142
728 831 435
1022 1143 956
931 1949 572
1563 600 93
1076 1935 66
1804 1875 470
1895 277 548
381 349 264
1716 267 285
162 1750 719
533 1183 557
1154 428 666
384 357 889
69 1868 327
845 372 269
1879 114 684
732 1285 766
1658 623 422
977 398 462
1918 525 277
875 1837 651
1541 786 529
1605 910 867
892 1760 808
1681 366 53
1009 289 778
1905 1461 132
1668 570 875
1561 551 823
1737 532 625
956 924 979
504 1195 87
1802 363 162
114 1995 857
1625 1679 720
1802 561 904
737 551 177
1421 80 49
1264 1684 822
236 332 926
1224 168 22
1136 336 478
1672 991 395
1680 1422 595
506 696 249
1450 1857 287
736 1055 30
308 1471 212
736 1641 876
1186 408 543
433 574 746
1898 1976 406
769 278 555
611 1039 76
1151 263 600
