1000 999
860 92 -800
92 390 -800
390 860 -800
706 922 289
503 143 584
897 336 335
999 937 958
385 376 147
197 976 975
616 455 159
485 490 800
239 505 147
807 575 293
961 887 278
701 330 194
590 730 466
379 287 222
956 537 366
573 942 456
271 322 350
542 227 127
209 210 453
632 555 345
81 753 22
633 54 296
470 27 498
673 501 737
138 378 663
709 960 317
204 60 489
432 15 404
334 937 963
593 361 810
619 570 777
525 413 732
379 277 209
923 556 751
764 441 71
92 945 695
431 255 849
774 757 738
848 558 545
660 158 181
77 525 456
431 626 201
885 810 9
635 164 497
312 753 212
288 66 795
580 945 144
473 874 61
482 893 446
961 116 771
60 534 933
461 325 718
737 846 175
182 61 453
735 94 333
498 422 505
236 584 965
541 251 352
144 988 264
839 221 168
322 750 112
811 583 74
131 705 238
371 964 709
986 205 426
583 291 654
958 483 596
136 209 610
335 623 665
22 636 235
619 366 795
961 225 750
620 639 231
289 981 202
417 947 588
715 964 367
113 542 144
892 668 753
96 930 785
864 214 223
613 813 18
940 70 307
12 604 110
650 681 848
707 742 373
907 896 38
107 346 339
16 375 313
742 981 17
261 464 653
371 813 617
36 302 847
292 27 256
39 732 292
308 703 112
242 883 319
874 33 532
272 54 773
34 148 108
520 162 139
840 807 52
823 542 772
818 217 622
828 775 365
954 712 832
856 627 427
172 170 349
291 107 562
365 577 889
401 551 422
885 936 400
885 238 819
906 558 788
365 987 952
834 520 930
46 121 660
523 493 16
791 4 779
647 687 563
572 399 282
411 779 345
462 553 844
599 408 202
984 55 907
611 440 928
951 212 439
663 23 601
337 784 810
148 418 653
98 488 502
983 643 967
800 815 591
137 555 533
677 466 647
654 18 89
370 464 684
194 361 890
711 28 934
145 876 352
98 315 552
237 433 312
80 177 25
453 386 562
731 232 518
370 574 979
41 669 598
598 757 139
116 734 960
548 420 416
985 110 992
816 601 91
829 279 834
61 85 897
411 321 943
818 747 434
445 305 421
534 687 445
659 572 59
120 27 422
443 780 155
541 983 438
622 15 36
203 221 79
977 562 152
42 176 1000
315 995 549
961 735 636
150 633 852
23 977 804
703 632 471
126 487 63
23 102 186
163 587 989
962 706 800
170 666 790
162 226 135
160 427 440
582 972 60
394 247 575
830 767 683
732 739 229
65 878 39
212 218 97
240 971 718
997 256 305
74 804 527
377 566 832
509 196 552
943 132 950
601 70 419
808 516 7
185 539 169
108 975 32
343 397 887
906 185 714
629 190 266
722 14 790
258 662 88
480 631 444
59 950 311
874 201 898
42 492 139
167 538 593
840 132 475
99 60 39
616 256 349
807 988 532
639 237 966
323 16 659
173 714 224
660 951 383
230 567 714
903 447 84
13 174 546
918 1 530
521 421 133
156 427 187
508 301 203
946 94 560
963 6 84
617 861 754
227 226 960
445 244 926
171 414 605
377 520 11
201 592 551
934 590 11
460 200 133
756 994 304
18 929 737
204 977 873
974 69 164
70 592 198
425 359 603
261 783 199
623 58 151
943 262 508
562 308 279
106 144 954
783 792 645
727 702 853
900 47 68
427 6 303
517 82 985
383 489 970
223 142 894
474 214 96
948 354 525
153 942 499
107 366 535
11 83 220
100 71 251
180 627 935
393 225 455
285 773 892
291 352 680
506 868 614
995 692 750
903 648 968
778 301 935
667 235 165
463 11 548
558 890 551
80 670 476
707 910 294
751 239 503
868 699 689
912 846 655
561 80 46
15 225 80
990 405 798
66 922 13
591 98 607
718 525 774
707 257 614
258 233 551
312 896 490
760 501 131
926 92 801
596 231 258
149 207 784
110 612 166
249 108 619
877 519 798
301 651 182
524 333 414
910 699 935
764 66 865
203 856 141
810 355 658
236 655 476
510 489 256
692 302 550
452 695 675
111 148 482
996 848 825
985 214 406
80 249 744
776 837 772
580 468 749
973 53 335
807 384 287
152 771 179
34 303 465
324 852 479
487 963 648
207 240 771
229 528 318
290 48 654
45 741 146
428 323 269
656 837 142
584 706 276
573 83 577
666 61 302
274 770 981
617 204 779
859 463 154
439 476 16
833 659 874
609 293 742
450 487 970
770 626 275
208 574 418
16 173 434
306 775 706
596 226 621
749 713 807
476 815 771
171 370 89
233 158 550
806 965 236
227 712 956
71 753 908
657 206 776
148 63 705
807 242 93
624 264 358
761 42 441
462 923 237
723 664 505
271 601 150
52 959 337
456 2 730
563 374 129
750 762 52
581 317 677
679 432 908
13 829 134
768 590 912
96 566 457
765 805 922
529 769 92
963 849 575
661 376 316
790 63 309
45 640 946
165 700 468
435 790 131
86 565 827
219 680 421
958 292 155
471 222 931
283 403 385
132 124 844
893 369 534
163 96 275
44 770 912
177 985 979
556 471 189
685 37 762
288 508 7
595 478 930
250 830 711
299 977 339
256 819 695
930 310 101
31 463 139
570 918 323
392 907 17
369 252 456
887 338 359
449 825 358
748 275 556
429 170 379
575 77 733
566 502 737
271 837 211
853 236 839
154 509 131
796 794 616
794 935 453
354 784 430
612 737 497
471 424 629
319 282 25
214 66 363
526 226 637
149 715 100
239 177 256
554 505 452
136 609 477
196 586 617
850 729 644
497 655 849
723 445 133
613 468 187
636 405 404
887 87 346
233 483 732
253 259 450
194 52 599
225 833 804
269 15 862
347 693 341
90 211 793
779 258 536
513 687 677
802 15 4
414 838 80
174 543 273
191 710 522
475 925 43
101 164 847
257 27 385
448 175 842
203 880 251
670 13 97
826 433 832
698 398 34
481 852 195
787 303 301
469 506 166
855 480 288
900 411 366
335 834 452
698 618 118
411 937 805
27 306 102
181 38 9
349 79 1
955 7 291
964 369 429
552 144 379
582 616 304
465 823 827
702 941 267
909 516 3
52 364 872
873 388 789
2 940 863
952 558 321
792 673 431
130 761 372
631 832 454
611 264 779
160 490 755
266 430 16
55 886 197
670 816 133
119 422 130
719 74 988
207 541 835
165 862 563
471 108 194
222 385 885
50 103 291
731 186 486
730 218 792
530 547 543
718 90 71
719 44 169
748 981 228
108 342 75
627 688 996
116 893 971
327 574 964
547 124 764
455 907 363
742 29 39
223 393 329
933 26 396
299 462 200
311 570 949
230 114 415
791 214 885
522 325 135
852 946 147
536 414 107
888 61 748
675 589 824
781 295 952
585 771 479
591 592 314
330 901 303
209 704 634
384 956 340
300 79 558
992 446 142
466 155 86
924 744 971
727 554 604
432 685 967
2 7 685
264 632 770
442 334 857
345 764 64
833 196 48
503 916 561
734 977 773
625 107 794
698 174 581
589 147 171
676 117 413
442 436 82
440 784 383
827 950 27
439 514 103
839 93 552
809 589 617
717 156 997
234 751 765
442 988 903
248 454 341
68 87 743
12 81 698
985 472 643
962 975 512
302 598 939
280 700 489
838 507 245
826 304 188
0 622 200
886 871 115
757 51 629
931 381 170
525 483 84
366 141 308
169 265 549
718 809 133
295 130 231
866 799 153
486 970 795
884 439 259
268 245 267
404 300 682
576 871 654
460 26 210
995 155 410
543 116 549
889 193 977
150 118 36
253 545 689
407 163 736
768 277 253
91 312 50
907 241 542
551 607 647
193 765 733
122 555 472
503 592 734
753 479 875
14 440 620
646 594 583
96 969 630
592 47 451
443 151 661
960 130 317
778 928 584
305 707 971
868 428 717
999 426 572
64 336 416
353 622 912
224 138 421
506 296 647
781 227 759
44 633 590
967 896 594
247 385 863
4 42 573
146 828 346
530 677 765
753 352 65
73 977 378
834 835 318
32 372 916
761 415 701
582 465 566
574 698 162
293 193 126
464 111 26
745 916 453
498 878 486
853 367 38
258 382 551
424 760 868
618 769 254
233 276 595
605 992 616
435 275 718
328 177 159
710 155 244
957 663 160
506 541 741
300 969 417
50 821 357
739 462 167
969 637 514
958 823 219
98 440 524
580 964 455
20 615 239
805 687 268
44 349 942
72 220 144
149 388 360
394 955 886
704 194 918
427 733 74
796 740 469
258 451 559
579 369 913
42 44 100
799 597 207
89 866 429
433 748 842
830 449 536
112 655 678
621 683 466
865 656 570
738 33 521
693 554 787
822 838 266
269 337 727
219 226 550
837 155 295
405 302 436
212 324 293
507 864 112
643 185 596
727 861 421
629 379 691
979 326 312
224 542 529
153 255 864
713 299 115
248 322 719
736 410 516
863 345 689
496 393 71
181 587 624
802 103 570
938 166 873
532 760 180
176 251 783
365 853 827
492 855 1
165 551 199
61 55 216
821 465 2
893 278 934
837 724 353
619 172 421
755 352 801
429 857 644
349 138 766
440 914 172
926 371 434
287 578 939
211 335 86
519 644 300
619 354 925
745 353 481
339 198 102
127 895 392
342 181 197
493 894 387
320 496 516
72 303 224
821 610 262
229 358 582
113 712 169
607 669 140
111 247 509
658 854 35
404 34 844
940 593 952
521 355 980
221 332 170
763 804 747
373 445 27
451 26 616
87 89 220
237 244 392
54 687 979
32 494 218
363 778 313
184 56 83
785 657 469
551 878 802
642 182 302
435 38 764
541 166 946
439 763 991
495 446 633
65 377 842
693 614 285
567 3 94
603 912 177
680 324 973
626 566 897
589 12 672
469 250 882
950 512 620
56 34 980
67 866 430
103 343 489
48 210 229
115 197 32
776 243 346
160 763 889
926 872 399
496 167 328
376 26 128
560 794 293
565 206 624
611 593 32
560 626 465
536 82 894
825 424 445
732 761 661
368 604 489
101 801 548
883 830 789
187 978 94
770 923 801
845 987 812
619 143 654
957 488 708
66 646 854
147 914 56
323 587 348
833 304 290
296 936 936
970 209 735
887 559 89
107 279 976
305 761 452
293 308 473
660 859 56
802 64 460
384 951 868
181 976 602
996 174 423
689 613 856
785 32 676
916 116 828
900 132 408
892 858 203
401 593 866
667 206 343
28 180 246
299 878 18
854 35 775
215 256 660
32 273 672
416 357 762
871 928 606
284 542 418
304 937 857
638 1 130
542 25 804
420 763 631
694 614 418
791 725 165
923 969 218
510 827 554
162 444 986
723 702 798
604 556 870
945 579 386
940 158 90
123 666 554
148 667 485
781 190 76
315 77 835
93 398 516
854 857 77
578 497 307
936 352 878
886 642 703
331 451 896
563 965 680
155 280 470
47 140 398
814 548 523
979 896 65
191 407 878
510 554 125
81 149 167
117 580 675
454 369 926
389 321 325
402 638 871
443 595 734
401 961 75
997 379 74
802 368 815
285 831 818
86 717 340
138 536 796
113 800 254
744 893 936
8 862 894
684 142 921
149 978 424
733 656 564
775 89 127
488 411 372
541 899 377
628 324 632
653 476 930
499 549 420
877 760 491
42 220 328
943 712 113
554 397 413
802 668 698
88 612 619
440 687 66
999 12 285
602 612 425
954 249 541
781 799 149
199 418 669
602 197 371
565 564 439
651 244 874
817 26 440
909 586 350
737 385 463
439 733 71
23 2 282
196 57 410
371 351 848
290 1 88
465 172 512
171 399 381
4 54 595
835 348 329
914 524 754
630 429 201
259 285 70
195 972 577
508 830 21
645 79 698
987 649 662
806 937 617
37 225 146
132 250 73
179 815 924
636 928 986
346 269 987
2 833 742
976 635 68
674 704 168
29 48 601
784 578 446
161 536 21
65 271 346
872 664 872
392 833 285
434 704 999
678 809 167
459 169 899
972 495 122
55 170 413
239 285 38
240 333 427
745 658 319
27 616 87
841 856 515
198 213 778
231 988 5
912 67 92
795 342 952
709 143 252
510 88 425
579 133 920
36 146 72
239 964 172
951 499 555
915 190 721
351 210 449
506 942 143
73 552 73
679 960 79
191 867 630
175 241 336
781 837 385
530 820 190
541 804 81
993 228 247
564 680 309
838 513 735
398 374 207
734 556 814
402 343 688
640 690 323
560 974 82
195 93 11
610 992 461
904 171 6
421 733 562
967 235 8
759 775 64
451 444 782
621 462 915
788 52 291
302 49 667
408 156 242
443 123 430
25 127 925
110 749 646
325 391 565
57 367 68
71 338 844
380 399 299
610 848 659
977 808 960
452 476 227
322 218 903
792 233 48
194 121 453
527 659 593
177 688 897
452 250 268
117 470 930
797 359 998
294 959 560
371 483 943
432 443 85
232 55 252
211 266 593
763 272 920
296 126 881
861 175 624
542 406 900
291 185 971
451 258 202
669 996 730
445 203 724
610 842 707
123 262 69
362 269 643
745 922 88
966 232 854
809 187 131
759 950 249
875 81 397
110 958 127
9 905 76
536 789 214
42 932 534
992 681 341
78 553 901
966 443 454
915 325 600
210 63 91
700 129 925
44 255 749
65 687 846
643 351 871
899 316 522
234 433 541
289 695 905
424 5 923
448 354 299
623 239 308
856 642 976
179 411 407
945 276 450
768 790 994
841 880 407
149 661 369
935 946 954
611 409 628
330 607 421
954 796 215
668 840 636
595 913 299
828 130 69
35 293 363
690 456 503
773 573 995
