500 499
430 46 883
331 45 325
195 424 184
353 461 289
251 71 584
448 168 335
499 468 958
192 188 147
98 488 975
308 227 159
242 245 800
119 252 147
403 287 293
480 443 278
350 165 194
295 365 466
189 143 222
478 268 366
286 471 456
135 161 350
271 113 127
104 105 453
316 277 345
40 376 22
316 27 296
235 13 498
336 250 737
69 189 663
354 480 317
102 30 489
216 7 404
167 468 963
296 180 810
309 285 777
262 206 732
189 138 209
461 278 751
382 220 71
46 472 695
215 127 849
387 378 738
424 279 545
330 79 181
38 262 456
215 313 201
442 405 9
317 82 497
156 376 212
144 33 795
290 472 144
236 437 61
241 446 446
480 58 771
30 267 933
230 162 718
368 423 175
91 30 453
367 47 333
249 211 505
118 292 965
270 125 352
72 494 264
419 110 168
161 375 112
405 291 74
65 352 238
185 482 709
493 102 426
291 145 654
479 241 596
68 104 610
167 311 665
11 318 235
309 183 795
480 112 750
310 319 231
144 490 202
208 473 588
357 482 367
56 271 144
446 334 753
48 465 785
432 107 223
306 406 18
470 35 307
6 302 110
325 340 848
353 371 373
453 448 38
53 173 339
8 187 313
371 490 17
130 232 653
185 406 617
18 151 847
146 13 256
19 366 292
154 351 112
121 441 319
437 16 532
136 27 773
17 74 108
260 81 139
420 403 52
411 271 772
409 108 622
414 387 365
477 356 832
428 313 427
86 85 349
145 53 562
182 288 889
200 275 422
442 468 400
442 119 819
453 279 788
182 493 952
417 260 930
23 60 660
261 246 16
395 2 779
323 343 563
286 199 282
205 389 345
231 276 844
299 204 202
492 27 907
305 220 928
475 106 439
331 11 601
168 392 810
74 209 653
49 244 502
491 321 967
400 407 591
68 277 533
338 233 647
327 9 89
185 232 684
97 180 890
355 14 934
72 438 352
49 157 552
118 216 312
40 88 25
226 193 562
365 116 518
185 287 979
20 334 598
299 378 139
58 367 960
274 210 416
492 55 992
408 300 91
414 139 834
30 42 897
205 160 943
409 373 434
222 152 421
267 343 445
329 286 59
60 13 422
221 390 155
270 491 438
311 7 36
101 110 79
488 281 152
21 88 1000
157 497 549
480 367 636
75 316 852
11 488 804
351 316 471
63 243 63
11 51 186
81 293 989
481 353 800
85 333 790
81 113 135
80 213 440
291 486 60
197 123 575
415 383 683
366 369 229
32 439 39
106 109 97
120 485 718
498 128 305
37 402 527
188 283 832
254 98 552
471 66 950
300 35 419
404 258 7
92 269 169
54 487 32
171 198 887
453 92 714
314 95 266
361 7 790
129 331 88
240 315 444
29 475 311
437 100 898
21 246 139
83 269 593
420 66 475
49 30 39
308 128 349
403 494 532
319 118 966
161 8 659
86 357 224
330 475 383
115 283 714
451 223 84
6 87 546
459 0 530
260 210 133
78 213 187
254 150 203
473 47 560
481 3 84
308 430 754
222 122 960
462 85 415
302 188 521
5 100 593
275 467 591
5 230 201
66 378 995
151 9 930
368 102 978
436 487 70
81 35 593
98 212 360
301 130 784
99 311 59
75 471 263
253 281 309
139 53 145
476 391 793
322 363 703
426 450 48
33 213 7
151 258 83
492 191 490
484 111 143
446 237 215
47 474 355
262 76 943
249 53 367
267 5 84
109 50 72
125 90 628
467 196 226
227 142 774
445 145 353
339 253 869
306 497 693
374 451 649
483 389 302
467 333 236
82 231 12
273 279 891
275 40 671
237 353 911
146 375 240
251 434 700
344 456 847
327 280 81
22 7 226
39 495 406
398 33 923
6 295 99
303 359 526
386 353 258
306 129 234
275 156 897
244 380 502
65 463 93
400 298 232
128 74 208
391 55 613
82 124 109
309 438 520
398 150 652
90 262 334
206 455 700
467 382 67
432 101 857
70 405 356
328 118 656
237 255 490
127 346 303
274 226 696
337 55 149
240 498 849
412 492 215
202 40 250
371 388 838
385 290 469
374 486 54
167 403 385
143 76 772
89 17 304
232 162 853
239 243 964
323 103 241
385 114 529
158 145 49
326 22 742
72 214 324
134 328 838
70 292 707
137 286 84
288 333 62
150 137 771
490 308 205
389 429 464
76 219 477
7 416 660
436 304 294
370 225 488
484 385 627
137 104 575
208 8 174
216 153 776
352 298 227
310 374 714
403 238 816
385 85 371
44 116 159
274 403 966
117 113 713
477 35 754
453 328 207
387 74 64
352 403 243
46 312 265
178 380 43
220 231 924
118 361 665
252 135 602
74 26 960
168 228 3
364 281 375
64 375 763
25 290 318
338 339 433
453 6 830
66 384 591
455 48 567
228 382 806
460 264 770
45 481 850
287 330 377
157 395 64
154 22 641
472 82 701
233 217 791
65 43 566
413 109 681
210 479 293
77 235 223
465 141 404
192 66 125
421 446 370
266 81 97
137 22 771
455 88 986
489 278 472
94 342 38
380 144 509
3 297 479
464 125 831
355 149 978
169 128 820
347 465 311
50 15 464
69 285 919
161 196 908
8 184 253
227 443 339
179 224 826
178 374 276
277 214 171
189 287 78
366 283 503
368 135 838
105 426 237
419 77 510
65 398 795
307 397 936
226 177 785
214 306 738
248 235 425
314 159 283
12 107 67
181 263 227
318 74 716
49 119 178
127 277 506
225 68 610
238 98 587
308 425 730
321 248 656
424 361 446
66 306 469
93 318 406
201 443 88
172 116 484
365 126 260
224 97 53
299 112 834
401 134 16
430 173 694
170 45 212
396 389 259
267 256 688
338 401 16
1 207 839
39 87 544
136 95 711
260 237 926
21 50 165
423 128 28
192 224 176
420 101 881
125 335 14
48 413 434
415 349 399
16 240 853
97 393 304
150 234 507
82 427 481
143 450 412
182 167 835
225 349 619
58 205 938
402 13 307
50 90 39
4 174 80
0 477 8
145 482 370
214 276 145
189 291 617
151 232 824
413 351 942
133 454 517
1 26 365
435 436 389
394 1 941
431 476 559
160 396 674
215 65 762
185 315 833
226 305 265
389 80 491
377 133 431
7 27 887
98 335 817
66 59 423
64 359 75
493 103 542
417 82 863
281 235 109
96 111 386
442 25 104
145 365 187
242 365 219
395 265 548
271 359 91
35 359 45
84 374 982
113 54 343
37 313 689
497 58 894
485 163 575
481 273 125
381 227 908
181 371 30
19 111 394
164 466 27
197 149 463
99 155 571
474 115 115
207 395 215
442 261 326
67 426 947
73 268 415
53 444 62
373 337 590
411 390 296
475 292 772
239 295 593
156 165 902
151 104 705
316 192 957
