1000 999
736 36
982 736
164 736
456 36
721 736
518 982
694 721
436 36
557 436
852 736
225 456
645 436
816 225
711 721
528 645
461 557
228 461
536 816
664 228
31 461
404 816
691 664
589 31
822 536
328 557
675 711
646 557
991 456
60 461
755 711
305 536
128 436
217 852
896 461
48 36
313 646
72 313
879 982
78 589
317 675
939 328
968 536
761 968
162 968
426 736
578 721
258 721
133 36
8 822
574 228
899 60
870 228
38 574
604 574
839 589
222 317
922 258
583 604
471 755
175 8
847 404
888 822
890 60
798 711
720 847
637 426
521 536
946 38
387 536
205 982
355 691
101 217
210 258
587 461
690 313
918 870
443 217
605 720
198 313
504 38
106 48
681 839
399 968
303 888
516 646
511 888
17 899
333 604
626 225
892 436
411 461
288 675
18 664
160 60
929 18
878 164
335 816
830 128
576 664
801 847
138 576
347 645
439 899
218 399
272 288
924 589
98 924
857 36
388 225
560 604
352 605
891 518
703 205
547 646
496 946
786 604
545 162
240 518
66 399
742 240
41 816
86 160
136 205
173 511
170 38
551 924
895 516
274 755
777 521
340 355
614 426
993 86
861 645
261 604
376 691
346 576
348 305
116 547
298 690
881 340
618 895
935 801
732 60
500 86
898 646
593 879
564 830
788 899
923 968
974 861
40 720
416 924
74 348
389 210
807 551
150 298
967 604
349 511
117 173
629 675
601 982
800 333
930 946
960 711
584 116
563 629
229 891
579 918
83 328
273 583
373 340
302 205
577 387
885 890
840 272
468 72
283 217
110 720
805 8
46 218
827 732
12 601
628 74
686 711
14 346
93 807
423 340
824 879
808 272
848 387
192 355
245 86
804 110
600 605
431 946
165 170
118 604
983 895
171 160
697 74
247 742
955 847
956 511
105 426
445 807
836 600
555 578
301 808
833 788
259 283
728 496
488 346
322 879
102 711
212 777
667 399
325 376
809 468
27 896
10 584
818 600
743 555
610 604
327 504
460 117
400 551
320 86
408 303
64 755
65 128
324 320
615 48
466 110
114 720
256 922
220 691
632 800
792 348
704 488
480 805
677 645
364 500
265 162
187 840
554 60
784 922
314 500
203 899
252 274
369 898
901 579
287 400
91 605
458 857
92 399
783 982
588 852
658 150
897 891
232 761
916 547
752 732
42 885
902 348
191 600
768 225
592 888
310 579
251 283
342 355
103 583
990 274
910 210
856 404
776 283
94 78
250 258
988 870
20 74
249 800
908 895
846 348
871 103
989 328
962 14
76 528
22 317
650 355
779 105
297 848
367 136
505 133
759 579
157 881
851 456
513 42
735 960
835 922
932 46
917 798
177 116
183 555
153 578
144 851
775 342
312 265
109 650
526 102
616 856
300 247
129 389
211 891
145 389
558 908
32 946
323 646
638 109
566 232
926 222
182 626
306 136
942 560
550 743
161 881
49 20
253 852
952 274
769 776
457 116
440 103
562 261
764 364
754 798
449 836
676 38
464 192
11 48
405 676
863 988
958 14
264 988
497 989
24 897
954 735
834 528
19 323
63 967
363 408
853 521
141 198
607 879
842 513
649 101
756 19
975 560
407 314
826 373
410 93
176 923
627 106
746 198
239 431
657 460
7 555
181 175
541 109
733 587
512 116
448 40
231 264
244 607
772 952
506 616
490 456
230 776
422 456
345 457
573 521
281 600
224 22
674 899
73 256
523 528
377 818
163 312
893 63
208 667
319 618
957 808
678 833
565 555
380 300
169 220
475 646
87 574
126 677
977 664
654 440
386 627
180 826
159 36
947 404
971 222
943 917
941 355
53 103
726 232
403 678
356 12
393 846
527 116
168 180
727 297
903 676
981 12
744 393
865 364
760 826
829 170
85 727
142 566
748 86
455 604
246 22
391 628
758 106
406 471
925 977
911 31
630 627
688 629
499 667
966 772
122 283
441 777
546 464
418 182
120 87
778 991
284 32
254 743
793 488
4 245
194 628
633 974
665 893
21 865
979 885
248 460
266 403
687 410
698 41
291 49
151 211
904 191
279 210
318 991
597 885
670 954
172 583
365 279
502 752
430 333
124 988
213 457
392 182
209 252
290 318
821 885
656 208
561 657
13 888
915 835
139 225
713 554
631 670
382 98
542 165
447 550
515 758
538 626
331 956
0 541
603 786
452 899
774 895
358 373
693 579
276 464
204 170
875 159
773 19
374 220
841 224
292 677
750 808
57 287
517 754
469 87
193 863
195 231
104 447
285 576
1 818
953 460
782 105
609 250
749 847
451 505
378 252
424 139
372 990
582 274
927 74
472 645
236 163
307 246
427 352
741 675
532 918
381 423
757 821
156 893
359 927
945 851
624 117
959 967
729 857
271 232
485 664
184 713
269 53
495 466
740 180
199 721
296 92
872 966
207 800
539 628
669 141
700 187
299 443
375 960
613 805
383 377
34 691
503 945
478 743
519 418
992 677
332 939
148 729
883 600
710 236
612 519
491 198
446 91
79 726
762 631
398 41
751 8
507 126
854 411
433 878
682 204
533 578
37 485
417 187
397 645
309 404
5 926
178 382
135 989
771 391
362 273
680 346
350 362
278 49
155 503
77 670
483 582
132 406
980 37
877 373
933 943
486 654
23 445
596 609
413 962
50 512
625 807
889 191
216 77
35 76
634 805
453 516
336 448
226 954
794 593
84 902
789 916
651 658
82 826
353 169
47 962
544 155
493 542
937 816
972 416
429 861
420 658
850 324
270 247
586 101
121 216
874 992
137 956
661 491
931 778
357 554
267 625
337 935
188 37
414 561
641 180
884 697
25 303
415 198
152 150
334 583
867 755
559 981
718 565
679 406
913 881
802 47
200 420
747 993
509 332
88 762
887 690
806 314
477 678
571 935
113 505
379 555
590 53
125 181
338 12
15 65
745 144
206 564
797 407
221 285
127 478
522 835
97 892
432 624
639 312
738 322
463 139
227 691
709 735
75 200
731 544
134 272
235 152
467 674
642 151
70 916
329 718
994 471
823 38
158 550
976 930
123 376
59 571
795 272
476 496
591 633
54 125
866 84
438 901
996 488
514 236
51 741
95 53
412 173
28 325
724 169
662 123
530 271
912 348
673 889
820 232
401 164
659 136
140 836
970 680
921 208
964 795
354 374
360 79
119 415
845 220
473 856
567 879
371 797
838 373
984 95
815 51
668 37
280 927
663 792
108 85
944 249
395 59
606 688
685 403
56 988
692 953
781 801
311 514
635 993
2 192
844 178
868 461
196 124
147 426
100 193
623 27
81 971
419 332
707 954
275 252
920 878
717 605
29 673
796 761
130 499
880 698
277 804
361 283
936 972
644 927
3 600
9 381
343 475
987 740
570 448
215 247
33 792
437 512
238 158
849 84
828 637
30 853
482 38
510 821
860 426
706 641
344 827
894 40
900 505
190 515
71 162
643 336
479 582
572 637
858 155
620 941
765 160
99 356
339 359
973 486
68 463
672 526
315 971
660 856
62 627
219 538
722 574
843 682
201 693
882 228
44 418
89 129
421 651
154 71
481 161
143 416
666 429
951 82
699 397
90 989
791 521
321 267
730 699
963 448
368 391
938 180
708 269
997 822
492 413
243 634
223 786
234 72
869 23
326 299
906 711
770 439
45 958
529 954
648 345
459 479
52 433
548 48
308 206
961 281
948 453
859 690
131 750
289 338
647 516
723 148
487 279
80 497
575 372
684 446
876 164
950 960
402 764
454 448
855 27
767 923
6 35
719 40
69 82
286 560
864 727
330 161
552 532
549 630
928 330
909 512
814 853
595 768
886 188
569 345
370 879
940 196
725 798
734 882
186 113
197 287
462 286
739 326
799 103
553 765
790 53
965 854
501 297
683 23
26 492
293 718
622 516
580 918
262 2
257 885
787 910
174 455
602 516
149 777
585 779
817 433
390 361
534 522
16 251
617 480
255 212
428 138
185 871
636 796
785 875
435 133
919 849
366 359
985 526
811 223
112 876
969 301
611 330
351 491
949 918
202 854
450 550
598 63
766 153
67 255
810 729
653 346
260 313
813 698
385 454
484 772
640 308
295 190
537 879
425 60
61 550
58 406
819 643
995 229
837 537
825 309
282 939
498 311
179 651
263 606
444 476
96 571
166 351
873 207
701 122
43 824
474 701
394 955
568 792
39 545
442 789
316 861
115 84
705 427
294 170
189 29
146 990
167 821
696 247
999 368
594 222
540 448
465 209
978 497
832 152
655 130
702 657
986 460
671 986
489 15
107 557
715 711
396 193
695 217
409 579
599 897
384 444
556 682
520 317
689 557
763 256
531 843
998 537
608 511
543 296
652 6
780 283
803 48
905 669
621 445
470 102
237 291
712 851
508 203
737 104
434 427
111 224
812 764
242 159
907 803
494 642
753 690
268 171
524 937
581 14
714 245
55 921
341 747
525 144
233 242
914 599
619 634
214 546
535 415
831 452
862 772
241 589
716 469
304 404
934 396
