2000 1999
124 1984
1853 124
723 1853
1120 723
845 124
5 1853
5 845
1457 845
1802 1102
1098 1102
868 1098
1883 1853
1356 1984
143 1102
1461 1098
547 868
1522 408
1250 408
1476 1853
1540 1476
148 1098
515 1883
363 1102
197 515
309 1802
120 723
1881 1356
416 1984
1750 309
876 868
1745 1853
91 120
108 1802
1304 408
186 1304
1868 868
1665 148
1050 1802
960 197
1026 1881
758 1540
203 1304
640 1026
82 108
259 1522
1088 1356
67 1883
907 1098
1360 1098
262 1304
1833 1098
809 1802
1563 408
1449 416
1840 1665
1806 108
913 1457
50 1881
1508 1457
1074 1449
552 148
185 1050
512 262
1639 1026
666 1522
175 1853
618 259
70 515
1760 416
786 876
119 512
1500 185
534 1120
641 868
1505 1522
266 70
533 1074
1627 1500
778 1250
1652 120
239 1088
1752 1522
1388 186
622 82
192 1457
870 1360
1723 1074
502 723
1029 618
1141 1508
420 309
676 876
1890 120
693 502
1043 1984
1604 676
800 1029
1834 1050
1196 845
985 1304
214 175
265 197
1336 1802
1668 265
918 1356
1072 1668
1144 265
1473 1834
1728 143
1709 1833
1190 203
1436 1356
1065 913
1096 420
61 534
1836 175
1703 1141
596 1388
1982 552
321 192
409 186
1958 1250
797 1840
1067 67
664 1752
199 82
838 1982
707 1834
258 918
1177 1190
132 693
89 809
615 262
1669 547
1636 1665
1333 1074
1092 552
642 845
855 552
610 985
652 1836
722 1436
558 197
1934 1356
1533 82
1532 1669
1886 124
1959 868
17 1709
1077 119
249 1072
304 108
649 1074
1488 1043
1855 1072
1607 1723
670 17
1173 1883
140 258
925 1836
572 108
982 615
930 1890
745 17
1518 1461
779 1029
1670 876
1821 185
160 982
1185 930
1641 1745
114 1190
275 1050
99 1120
1893 1890
1007 108
1178 1050
1747 534
1977 1102
1605 321
1911 930
1439 1102
1175 797
1529 1522
1905 1077
740 1709
1632 363
1317 321
1877 855
824 1488
629 707
951 197
1225 91
697 1092
1089 114
1039 1605
343 985
59 745
303 1488
1936 855
1407 1668
452 552
1152 615
273 800
230 1958
378 1632
1569 239
841 1436
1490 1750
1269 1522
102 1563
1662 249
1957 1607
1117 1747
1395 693
544 120
1463 197
219 1141
418 1881
535 262
136 416
1294 1007
1169 1670
1078 249
1312 515
1830 1984
1751 132
149 1709
1626 1074
1742 363
445 1627
1811 1067
1716 1607
355 1461
1047 1532
884 1728
44 558
1209 266
753 985
1735 925
996 1098
1454 1641
1653 304
581 408
450 786
410 1811
1224 1173
1010 1958
481 1436
871 1806
926 70
1383 1811
751 1294
1115 1752
386 59
1634 581
987 1830
1486 416
1978 1092
1667 502
1721 1078
525 1716
834 249
412 1890
16 745
1815 1721
1804 1152
1577 102
1948 1152
1053 581
997 1436
156 1607
826 1457
1261 91
1044 1505
1630 1383
1184 1508
1197 1529
1749 89
1955 1173
720 1184
938 1855
13 786
388 1449
613 1634
1425 786
1415 1716
1314 1476
11 149
1107 1735
245 779
1683 1184
619 824
1049 1639
1733 408
646 1044
1590 1336
1112 1092
1321 108
1171 884
1129 1533
578 1102
1076 1333
842 1634
1110 868
1676 11
1060 230
836 913
1234 262
1290 745
1888 1234
630 619
1748 1626
1932 1088
268 630
1036 386
909 997
1200 1893
287 1129
1126 515
1582 1604
333 870
517 416
1303 268
19 1508
1988 148
1507 1074
1354 388
1158 997
74 1607
754 265
861 1752
823 826
576 266
1349 1836
1538 1190
1371 259
37 987
1937 1605
184 1314
9 1294
785 1333
550 1932
1807 70
556 1532
1912 1733
1600 838
763 186
1302 1110
1534 1636
1899 1750
1574 868
689 136
795 630
934 1934
238 1653
990 544
726 1169
296 1304
850 693
1800 1728
1661 1600
352 1522
532 1988
1930 418
260 1662
1207 1911
1610 1911
588 1721
1994 1505
528 420
1052 61
1756 1703
1514 876
1739 1632
1712 1304
560 149
887 745
687 1190
1591 1436
994 132
441 778
1465 689
1006 850
1666 1815
1466 1089
1913 1449
187 581
131 1534
1897 1514
422 1748
306 1984
469 996
1495 140
53 1669
211 296
518 17
318 1072
1837 618
1586 689
202 19
817 697
1330 1937
1481 1522
383 1330
6 469
182 1089
875 355
1253 1261
104 1883
1125 618
447 596
1094 1383
864 74
710 262
96 249
1334 296
1603 287
1504 1169
1132 265
1390 412
859 1185
1375 262
1517 838
242 1067
543 926
1401 1049
570 1508
366 420
1919 1115
1442 1175
97 1800
438 1158
1386 842
1319 1303
178 287
798 136
253 273
1369 13
916 1395
602 570
1396 1466
1040 1883
1019 1126
805 273
237 1019
1241 1500
981 1463
216 666
305 1745
791 17
1256 59
1438 268
1759 535
342 1988
1066 907
527 1336
853 1676
1880 642
1099 450
591 842
1008 544
1297 1636
1968 1667
439 1517
1277 306
690 1449
995 779
210 1586
1850 1627
1493 1415
1346 1930
1584 1044
1451 1586
1983 89
115 1807
1889 591
1280 1912
901 1883
614 1415
206 37
468 1739
1556 1277
562 1360
553 1495
1446 1877
504 1811
843 1636
1638 1006
1923 907
524 1533
399 119
835 1125
1148 640
1689 841
1943 1800
1928 697
1091 143
1247 450
1904 1112
1847 1610
847 175
1625 211
573 306
983 1425
1424 1943
626 1936
546 926
1615 104
1649 1919
1021 53
1743 1209
1226 416
963 1666
494 512
1814 1132
360 870
1240 386
371 1026
1188 439
1421 192
923 1171
1095 1026
1843 934
1502 640
1032 1760
667 641
1082 1088
1413 1932
276 1661
1700 268
436 676
645 206
1274 260
1011 576
1494 1893
675 352
1647 386
261 1349
286 1209
1430 1115
1737 1294
460 1200
180 1748
1301 74
1103 1234
1817 1120
1788 399
1153 1486
1864 1047
1402 249
1553 1224
463 1518
1450 870
1992 16
1030 875
1162 1569
1351 652
1687 1821
1585 1505
671 517
8 53
41 544
625 982
1260 960
451 1066
173 136
459 104
1819 61
1394 1200
1281 1312
698 646
551 1095
1231 1066
1061 1807
776 192
47 786
1848 1500
1462 884
1526 1958
285 1494
232 1451
513 1819
293 210
1784 1098
1816 1641
84 210
1419 1040
158 463
188 1436
1581 1039
1519 1461
1846 481
509 268
1426 418
1084 1700
101 1129
1813 268
63 1053
1773 990
284 156
1597 1049
761 907
1307 1750
495 1098
1914 791
1391 640
673 102
1622 1627
1734 517
1055 1297
659 1888
229 1703
721 1383
1313 1065
257 343
1552 876
555 303
829 642
1964 1734
1180 120
1271 305
1080 1750
973 698
1155 1811
857 1446
1097 1178
806 180
616 1802
449 1626
1295 652
1706 1639
1124 547
272 610
110 1354
1228 188
1041 870
225 1413
358 1553
492 1804
440 303
890 182
1515 1457
1118 1030
40 1425
1799 850
1453 16
554 1992
1085 1495
536 1094
969 1737
1870 1430
825 1103
212 115
764 613
141 1141
1340 1529
1114 1923
743 776
1535 1330
1137 1333
1803 1706
1189 1957
62 1647
1267 120
631 1413
912 809
270 1303
319 1959
152 1078
1186 1988
290 6
442 758
991 1603
1620 1391
747 1446
598 963
327 175
1601 186
781 1669
900 459
830 1132
241 1687
1230 318
297 1162
1938 1197
604 1914
1308 259
1236 1294
1389 59
1100 1888
1674 131
271 1676
777 276
1150 363
207 513
941 826
1335 1089
1763 1788
1503 645
1452 1103
565 779
1810 1047
1691 1141
831 1395
1595 524
946 1821
109 1563
1786 442
964 447
76 11
1 1461
86 1488
227 214
1202 1026
1418 284
1086 916
1516 1446
729 1977
1128 1169
1441 1462
1163 901
1521 747
970 1709
1818 327
1273 864
491 1626
1550 1639
1151 1177
732 1912
324 1240
1643 1446
83 983
1861 1843
865 747
709 1712
519 1040
1827 1084
1357 1115
849 1438
770 1815
734 1094
601 532
1427 53
903 1462
487 355
1248 1466
1062 110
295 1473
1725 1905
699 1810
1417 721
1961 40
1945 1574
1701 533
998 120
1255 366
248 1773
1193 983
1762 185
1782 1493
428 1436
784 492
357 1189
813 753
466 439
204 296
508 1843
1324 1890
1392 550
1616 271
944 1665
1289 13
756 761
1537 1494
396 616
1300 550
902 89
816 1784
1694 1641
246 916
1170 1810
999 287
545 83
256 1438
1475 1248
24 481
1258 1847
1259 204
223 306
1903 416
1329 1226
374 1667
939 797
772 619
1028 16
590 309
1320 1462
315 870
1939 861
1377 492
521 1032
38 327
1655 1905
812 1078
467 1171
1101 1255
1902 1752
10 99
1341 1277
510 1591
866 875
325 1870
1570 772
701 1297
489 777
155 1556
1989 781
1142 1601
329 918
359 776
769 1904
1239 776
1246 192
444 1938
1619 1304
482 1074
1719 1476
1056 613
389 1665
1891 1044
1539 1200
1410 1605
507 1864
815 843
952 1706
243 1861
1161 941
1825 556
792 1522
183 439
1146 1534
193 1653
980 445
92 795
1528 1417
1183 1151
1212 1508
42 363
638 791
955 1843
569 452
851 1330
341 1607
1365 1175
651 44
1980 1388
1894 1481
1027 758
1860 1747
1134 1507
1990 1120
1947 439
796 1402
411 815
1014 272
1571 261
737 779
310 960
531 1980
1838 97
1950 1751
171 507
738 834
688 1236
292 1700
529 981
522 1225
516 1894
715 758
1929 829
571 1947
957 1643
27 1466
1549 1132
1509 875
1693 1095
462 178
402 1197
144 1438
1311 556
406 1848
879 197
1272 1652
1283 1556
943 569
801 295
401 204
169 366
1166 1518
313 916
117 745
1884 1365
1767 1030
783 1421
854 1028
281 371
264 487
151 494
1484 1041
1564 1007
1104 826
585 859
414 466
1690 399
730 1683
365 934
461 970
609 690
294 1311
712 182
1823 625
597 1666
181 619
1729 450
612 1207
427 1992
949 1162
1176 1891
594 281
1408 83
1651 1128
908 460
1121 1742
1474 997
106 1540
1882 1950
1468 442
1306 641
1068 1948
1794 1273
891 801
503 1837
425 745
1168 1053
1337 1258
1194 1142
1382 1597
434 1486
1355 847
274 547
1738 930
7 792
247 1689
1545 1065
774 1078
1769 1855
472 61
548 469
77 50
1338 1007
1910 1760
477 800
840 901
1578 8
862 1248
1220 152
557 901
1464 1655
200 309
1609 1508
382 1184
32 809
929 1430
1967 1556
1000 1484
1781 1193
403 1340
1695 1662
1323 532
1404 1622
1020 981
1292 1065
344 1912
1025 294
1478 1988
1583 1272
78 422
694 472
1344 319
43 318
1187 1590
432 622
1541 355
1797 243
1156 601
979 791
177 1231
1376 990
514 798
194 602
867 1273
1764 612
394 903
1926 784
369 237
201 284
1678 156
368 629
674 1488
898 529
600 1449
775 37
1645 1025
66 850
349 1344
927 1666
1208 70
1606 1799
45 1391
1093 866
1435 1156
1075 19
1332 1661
1090 1590
874 355
928 1603
961 1781
1123 1889
480 1861
1070 74
1696 96
1416 659
984 1899
886 13
1139 1142
579 1838
405 194
94 1516
1878 1760
1164 1488
1940 1360
1033 1961
586 1615
661 1200
308 798
1845 510
1048 264
1792 586
1482 1351
1970 1950
1941 1674
1536 1583
931 941
892 779
488 1436
1704 613
437 1910
311 850
1558 740
766 547
1268 615
814 1360
1812 1739
1859 1394
603 518
1147 503
1720 1239
1398 1845
1952 1992
885 286
621 24
1787 1395
1136 10
794 1382
993 1148
1916 1533
400 492
1635 1044
1839 1449
1270 1537
589 61
595 509
116 1595
1637 1304
587 169
542 1085
14 1540
103 1799
340 521
1015 1668
377 414
768 303
564 1571
35 1891
1858 1383
379 186
1972 363
75 952
496 86
1406 296
85 1719
1906 1388
1384 619
456 293
1544 1704
1353 183
1380 184
1031 77
3 284
164 1843
332 119
1477 1939
1022 1384
1771 193
1069 1321
974 1189
933 763
1364 949
413 812
937 987
520 480
430 572
1791 1655
1642 645
1238 521
872 194
1113 70
623 1426
1951 1988
1900 1864
728 772
64 671
1657 386
1613 1095
252 1250
839 581
919 219
1692 472
1204 1234
1979 247
563 835
1327 1446
1942 192
804 1099
633 930
897 136
1288 343
725 266
174 1716
1795 1029
423 1814
852 42
129 1171
289 964
905 1716
1342 265
656 590
269 527
240 1988
215 1972
1448 867
283 1899
739 1441
1105 701
48 1792
755 1342
1116 1534
953 912
1686 1637
208 1934
1654 214
1157 1745
1373 1734
323 1152
347 1823
1510 1747
1628 124
1778 800
36 1061
1004 430
372 973
765 1421
1673 1306
29 545
1809 1735
1824 527
767 857
167 987
1579 1033
1887 928
1996 1360
1205 295
718 414
679 1225
644 571
538 1200
1470 8
1409 1716
1598 357
1325 1814
1372 97
1547 290
133 1314
1042 1327
1602 1066
125 1461
1588 1493
1892 78
1374 1861
992 1667
56 952
1741 565
1293 688
893 313
1808 1626
1572 1743
1976 1473
1361 1839
650 1307
1658 892
911 1870
500 182
33 543
168 210
1954 1689
1016 1392
1671 964
1920 1502
235 723
1286 201
1664 579
1001 1415
904 688
540 1344
205 1905
1898 1704
453 1260
1981 273
1051 216
1363 1294
793 1950
380 1056
1621 245
1192 355
669 1166
1318 1558
1873 1040
608 74
1660 602
1393 1351
700 1062
1149 270
1498 76
1559 494
1467 240
628 1110
485 512
1397 1438
23 1032
499 1583
21 650
107 379
989 91
1956 1503
1663 1304
680 990
634 1125
1326 1700
724 1493
1520 17
351 1950
1614 1701
752 248
662 187
1969 544
1746 1802
1554 38
526 777
506 1157
1915 1620
577 792
1907 565
1527 1042
966 667
1796 1246
1798 485
696 625
917 1521
1456 1467
1685 649
1172 1283
1108 1066
1195 1498
691 862
537 109
1378 1462
1962 1508
971 1463
950 1572
895 542
1203 1709
1460 1534
317 752
15 591
1367 1858
46 169
1575 284
704 1014
364 489
1447 351
877 1802
454 855
762 866
1702 630
1038 1372
1257 242
1740 1609
393 467
1587 898
55 452
657 1825
113 1371
1646 368
1437 916
711 1706
1278 1979
678 641
1181 1055
387 1773
1772 388
832 963
346 1278
316 1536
881 1271
947 929
213 826
1266 879
336 830
122 1147
1133 1340
1631 1442
301 1819
419 239
1385 1228
348 961
1562 1510
1339 761
1611 1208
1995 659
1485 1430
1206 1507
1974 1846
300 1647
1487 1230
807 1110
539 276
1362 374
1935 783
1580 348
417 775
1366 556
654 256
1917 239
632 1877
1218 1205
1565 1390
1013 1085
404 1668
1715 1952
1872 1155
1182 1752
1213 638
1576 1294
1287 989
314 577
686 1189
1405 412
1210 148
1222 831
31 1148
1221 526
978 1818
567 814
350 402
1991 835
501 1859
1328 1641
1249 175
967 297
299 1050
561 947
282 264
1489 1563
1710 556
1201 1061
88 1182
1217 107
1876 570
714 522
780 1519
860 917
1370 1371
381 1029
236 778
1546 1208
1589 315
1542 1380
1718 780
523 1485
166 149
1963 902
750 158
49 879
69 265
1761 210
889 241
1400 1894
433 1547
1131 1778
658 979
787 1671
1211 96
1054 1809
1656 1845
1828 1222
1682 1439
1414 1236
1722 971
1198 1719
1348 122
1232 1207
790 468
302 311
1119 432
1618 1886
1831 704
1918 1894
1730 1249
742 10
921 237
1885 1095
244 723
1513 47
819 175
339 436
334 99
1971 1610
1387 680
1309 360
189 609
1244 658
95 144
1428 1155
583 230
1058 673
1455 1709
940 1781
100 296
60 1421
1879 430
1483 1401
1849 1486
1557 870
153 1405
883 155
968 1113
1623 1540
1245 215
1801 480
1024 673
1779 845
1875 246
233 207
1215 59
574 1502
58 754
1675 33
593 1682
118 1253
1867 1959
1322 726
1275 1618
1347 282
1790 372
254 877
986 944
1986 542
391 240
1160 593
1770 67
179 791
1592 1891
1927 1201
1479 1868
896 1287
1925 1457
337 1839
1174 955
1681 107
195 296
1083 1728
1458 1341
1975 213
1002 1212
218 1897
1707 19
1159 1759
922 1632
490 700
250 1729
1560 456
1933 1022
1233 1230
821 654
1251 417
1472 1743
1852 306
1411 405
914 650
395 1095
1444 772
1783 1424
733 1576
1343 1813
566 634
627 667
471 100
1679 1129
1744 940
713 691
1777 180
209 849
1714 1673
1379 1347
975 625
161 1332
799 877
1316 981
1229 1913
735 75
1264 1487
65 82
154 1395
906 1241
455 625
856 556
811 250
446 743
280 216
1420 823
782 1266
1726 55
846 618
234 669
330 981
802 939
1199 1494
584 667
1699 1386
771 950
1018 1011
1842 1324
1629 192
1973 618
719 268
443 1875
1111 927
87 1272
474 1552
1999 1725
1167 389
39 1151
972 989
1443 383
1862 1816
1381 551
1573 1430
1315 694
79 1956
1775 630
431 767
575 732
1780 11
1491 1320
1708 664
848 1886
942 436
1506 1488
1480 848
98 674
1871 543
580 1176
376 616
1034 1752
773 1864
976 1389
1856 1457
511 1542
497 1249
1279 1397
191 1645
486 957
1242 957
1434 1571
1960 154
748 1725
549 669
138 233
1612 1797
448 330
736 211
708 1411
126 1549
1296 1377
810 1519
288 1039
1901 1518
1736 1986
1659 1158
25 819
1262 1389
681 1062
1235 739
291 516
582 1513
1009 1170
1282 1383
1358 1392
1644 1072
1191 462
1854 1192
820 1125
72 1742
954 210
915 1542
958 403
159 256
1698 795
1431 236
1633 156
1469 305
307 634
277 1039
221 1400
224 964
1711 1137
1949 886
1568 1166
93 1862
727 9
858 756
1135 1685
354 43
479 852
429 560
105 266
924 1070
1471 6
68 561
1063 1021
1688 1018
1599 1577
759 581
749 1585
1789 1204
1793 120
617 1098
1965 1782
312 293
121 1369
1966 1190
920 225
1524 419
1844 1249
702 1076
1223 1667
1412 1092
1079 1801
1624 1126
111 125
746 651
1106 1153
606 443
18 1471
26 1804
1440 17
255 53
1459 1973
1946 1158
370 1664
1863 851
34 1040
1822 497
163 1655
818 1380
361 1764
162 795
1071 540
1732 132
1005 221
1432 45
1345 1928
672 1334
134 17
1851 88
165 1290
1596 1904
1154 1913
1594 608
1523 628
1399 1119
320 1129
435 520
1727 1700
356 615
1640 1862
1593 1316
150 323
660 428
1555 572
1909 1550
1122 1270
220 1394
1826 1207
1874 419
142 215
899 1338
1561 1693
1109 1242
677 1204
1057 1778
988 1428
73 633
1608 1256
833 1486
639 1657
1023 1602
1359 1735
1081 1282
421 1311
1754 1852
298 529
1998 1961
647 853
464 264
1835 1221
1755 1795
20 521
457 900
1776 1872
599 215
648 1739
1087 1144
1993 1111
145 1196
123 1417
1165 680
279 1382
1423 74
1648 1362
653 233
635 1545
1035 1157
1219 357
127 1441
837 287
373 106
1127 1125
683 933
478 1781
1985 379
1548 47
1368 33
1140 543
1216 1667
882 1318
684 791
1350 1848
1766 544
559 672
228 417
1677 1605
1530 301
90 1968
112 988
1265 310
176 1048
945 253
706 1576
139 435
1617 1313
22 1678
716 1623
1243 199
484 1324
959 1334
808 1203
1492 1198
1284 1728
1774 1706
873 1679
415 229
636 351
326 1442
196 529
1299 309
568 782
2 1474
147 631
375 1027
1987 1247
668 711
1857 1395
844 556
788 886
130 1668
1551 1933
1525 1170
1064 823
789 1596
80 186
1697 1536
1650 66
1922 432
1672 1701
1227 1791
692 123
1921 171
135 50
424 55
977 1808
731 1917
1291 406
1263 590
1145 1446
1896 1558
1713 547
655 633
620 1527
1254 502
157 1874
665 213
1680 2
222 1253
52 1437
398 356
426 1799
624 534
643 73
30 1630
1445 401
1567 1909
1684 1730
1924 1930
1276 1729
353 1321
1829 1049
217 494
1429 1696
1511 1170
1997 889
962 824
1143 1792
1765 1383
1252 1533
322 1828
1944 256
505 1640
470 43
328 1725
1705 1442
965 533
493 1637
682 1161
4 791
541 1025
1130 1481
397 556
57 562
1757 1330
367 1637
1543 1565
1866 271
170 1702
1012 1656
744 1055
803 1781
1895 370
1037 1593
1753 1711
465 1775
231 1498
71 347
1046 354
1501 1139
1768 206
458 234
1931 30
936 353
888 178
1566 776
717 1383
476 1862
137 755
863 1540
1497 846
331 1505
1214 1969
390 40
637 1439
705 291
1433 1270
12 832
695 1930
51 1121
1403 1353
54 745
1499 1825
1531 574
498 1415
1785 702
146 1022
335 502
473 1659
1138 1531
128 1849
28 962
741 1415
948 212
1758 1403
932 1218
1059 331
81 627
822 1861
605 1729
1045 713
611 1897
685 692
1352 1142
1805 434
407 1909
0 221
935 1893
483 1165
1869 1101
1310 295
1496 1540
1422 513
607 438
956 644
1832 1151
1953 466
1908 1596
267 506
827 1461
198 697
1717 1104
894 1191
703 220
757 846
869 389
1724 806
663 790
392 795
592 659
1865 1002
1298 1531
1017 316
1331 216
530 733
251 1620
880 322
1073 781
384 438
1731 1388
1820 1668
878 663
828 1050
1305 1971
1285 1052
760 1286
910 1194
226 62
190 878
338 1879
1841 1505
385 180
1179 820
475 893
1003 993
5 624
1237 1697
1512 1030
263 1073
278 1669
172 1801
345 1447
362 1021
