500 499
291 68
433 68
410 291
391 291
32 291
130 433
60 410
253 433
389 68
230 410
241 391
333 291
194 230
403 60
107 333
48 194
249 253
14 249
457 403
427 249
199 403
221 68
311 333
390 230
392 32
1 253
356 107
228 68
136 392
369 427
496 136
117 1
302 291
52 410
461 221
162 253
15 253
11 253
13 48
332 249
277 392
4 162
451 392
195 241
351 13
110 32
216 403
371 496
481 68
270 241
113 302
495 427
224 117
491 277
283 228
119 451
176 332
118 110
346 403
112 107
490 427
235 496
148 451
464 490
213 228
428 495
284 451
328 461
51 228
95 130
322 389
370 213
151 216
61 427
380 213
170 1
469 13
364 11
256 11
452 95
259 216
343 199
97 346
155 170
145 230
300 107
255 469
258 213
201 151
301 371
17 221
245 457
124 117
424 491
206 356
212 370
340 245
88 212
187 130
280 148
359 255
397 270
345 17
377 259
191 195
44 481
446 213
339 199
260 51
55 124
83 32
266 284
468 241
189 345
250 117
375 452
462 333
240 52
22 424
157 375
360 230
314 249
303 187
296 364
386 446
331 303
87 155
86 427
257 468
116 490
6 340
102 55
276 359
399 4
441 97
207 266
263 117
442 296
295 491
180 369
437 55
137 207
337 377
365 369
476 380
2 322
196 148
262 212
66 337
265 291
287 371
105 441
218 266
28 262
246 32
186 60
498 246
444 235
367 428
411 495
211 195
248 370
182 15
485 442
177 113
0 51
275 256
366 66
319 464
313 189
169 451
234 295
307 17
450 386
467 446
90 496
281 224
299 2
92 88
46 495
282 370
493 356
16 130
36 369
42 476
8 410
231 295
7 380
143 234
127 42
357 0
56 52
94 457
361 86
436 206
35 2
85 256
81 83
317 86
449 307
456 17
139 361
150 441
232 343
164 68
254 496
242 468
58 16
12 250
159 201
197 364
175 442
215 397
96 300
132 449
438 231
129 450
261 2
484 331
477 228
10 177
115 212
9 340
203 495
74 137
18 68
82 322
471 248
418 218
440 36
439 74
264 143
489 175
114 8
382 116
202 270
294 202
269 240
30 218
152 215
64 102
108 377
24 30
156 127
273 493
219 364
19 92
79 451
327 250
381 444
76 169
190 441
40 270
106 245
144 399
447 291
33 317
353 261
310 242
474 234
217 52
373 190
426 331
209 262
341 230
387 58
414 256
324 150
43 442
338 17
222 15
271 32
478 299
398 441
289 159
413 246
237 469
285 202
430 102
401 79
25 300
465 30
146 217
172 311
453 442
236 217
49 270
126 438
26 461
423 282
99 52
75 18
318 230
309 155
480 310
388 343
412 216
402 164
72 437
204 246
344 44
220 338
459 44
244 360
34 313
298 263
109 461
54 11
499 414
286 7
420 30
416 217
140 453
445 392
348 300
470 105
406 172
183 442
492 493
316 416
278 240
21 449
486 49
233 232
395 258
308 19
394 102
247 416
466 366
153 468
404 102
65 416
306 386
193 107
372 183
29 254
274 248
225 10
154 87
125 263
305 340
304 15
141 316
210 155
272 388
178 82
104 412
293 380
400 286
37 399
494 382
454 43
163 97
279 95
252 95
417 74
57 36
20 444
171 164
93 303
363 346
181 191
419 293
312 186
70 52
27 491
435 375
138 150
3 485
223 190
23 113
347 206
325 311
205 228
448 34
101 241
5 55
188 400
475 249
100 40
131 93
53 338
362 223
229 140
142 18
334 467
147 154
120 180
422 112
429 140
479 279
460 258
384 371
483 468
103 232
69 22
149 40
134 440
379 94
91 229
425 300
198 240
290 157
415 476
352 202
383 401
122 388
168 317
473 339
374 439
472 27
297 102
349 319
50 106
268 459
288 119
329 260
160 332
84 311
185 60
342 168
458 433
443 273
133 182
321 35
161 412
45 196
292 280
128 232
463 259
192 458
39 120
497 153
31 469
330 383
431 107
238 60
408 81
320 61
239 125
396 237
73 136
41 26
315 361
326 116
336 428
77 332
121 202
455 306
488 463
214 246
432 60
59 14
89 398
358 496
267 324
135 463
368 428
158 199
67 180
200 379
165 112
184 10
62 110
323 340
407 403
350 144
226 308
409 428
98 131
421 137
335 494
123 160
78 39
487 88
243 154
166 418
227 317
47 366
71 486
393 263
167 276
208 247
63 395
80 296
111 386
434 369
251 344
482 227
378 290
174 220
38 201
355 92
405 484
173 499
385 57
354 236
179 308
376 414
