100 99
72 17
97 17
8 17
16 8
16 55
55 17
15 32
63 32
57 72
60 63
83 60
48 15
26 83
12 15
62 57
3 32
49 48
77 12
0 55
92 32
34 55
29 77
75 63
13 62
40 72
85 49
2 26
74 0
69 77
1 63
89 55
27 62
54 27
98 75
28 2
56 75
93 17
35 28
14 28
22 29
61 1
43 14
59 72
71 3
78 61
18 26
70 56
88 35
86 26
41 15
6 56
11 55
82 97
46 71
67 32
7 15
21 7
95 72
68 69
42 17
87 86
19 86
45 77
31 49
47 28
25 3
73 13
30 78
94 35
23 60
79 29
39 34
76 54
58 30
5 29
64 28
99 35
91 68
52 43
24 31
33 87
80 3
66 22
90 41
96 71
50 46
84 40
36 98
44 62
81 54
10 25
9 2
38 91
20 7
4 97
51 69
65 97
37 6
53 0
